adj type, <class 'scipy.sparse.csr.csr_matrix'>
adj.shape, (2708, 2708)
adj[:10,:10],   (1, 2)	1
  (2, 1)	1
adj   (0, 633)	1
  (0, 1862)	1
  (0, 2582)	1
  (1, 2)	1
  (1, 652)	1
  (1, 654)	1
  (2, 1)	1
  (2, 332)	1
  (2, 1454)	1
  (2, 1666)	1
  (2, 1986)	1
  (3, 2544)	1
  (4, 1016)	1
  (4, 1256)	1
  (4, 1761)	1
  (4, 2175)	1
  (4, 2176)	1
  (5, 1629)	1
  (5, 1659)	1
  (5, 2546)	1
  (6, 373)	1
  (6, 1042)	1
  (6, 1416)	1
  (6, 1602)	1
  (7, 208)	1
  :	:
  (2694, 431)	1
  (2694, 2695)	1
  (2695, 431)	1
  (2695, 2694)	1
  (2696, 2615)	1
  (2697, 986)	1
  (2698, 1400)	1
  (2698, 1573)	1
  (2699, 2630)	1
  (2700, 1151)	1
  (2701, 44)	1
  (2701, 2624)	1
  (2702, 186)	1
  (2702, 1536)	1
  (2703, 1298)	1
  (2704, 641)	1
  (2705, 287)	1
  (2706, 165)	1
  (2706, 169)	1
  (2706, 1473)	1
  (2706, 2707)	1
  (2707, 165)	1
  (2707, 598)	1
  (2707, 1473)	1
  (2707, 2706)	1
feature.shape, (2708, 1433)
ad_orig type, <class 'scipy.sparse.csr.csr_matrix'>
adj_orig.shape, (2708, 2708)
adj_train type, <class 'scipy.sparse.csr.csr_matrix'>
adj_train shape, <class 'tuple'>
train_edges type, <class 'numpy.ndarray'>
********************
train_edges shape, (4488, 2)
val_edges shape, (263, 2)
test_edges shape, (527, 2)
********************
val_edges_false type, <class 'list'>
test_edges_false type, <class 'list'>
len val edges false, 263
len test edges false, 527
val_edges_false[:10], [[1163, 986], [176, 182], [1953, 2069], [1715, 2490], [2659, 335], [200, 1084], [951, 137], [1000, 2686], [156, 1318], [1463, 2366]]
test_edges_false[:10] type, [[1026, 1442], [246, 2506], [951, 1245], [1503, 555], [906, 1367], [277, 2365], [284, 35], [2214, 659], [1319, 2180], [1518, 1434]]
********************
train_edges[:2], [[   0  633]
 [   0 1862]]
Epoch: 0001 train_loss= 0.78524 train_acc= 0.02691 val_roc= 0.71730 val_ap= 0.74236 time= 0.60091
Optimization Finished!
Test ROC score: 0.6533959363264189
Test AP score: 0.7087077933915742
